(100000,110000),1871
(1000000,1010000),2587
(1010000,1020000),656
(1020000,1030000),1438
(1030000,1040000),868
(1040000,1050000),1463
(1050000,1060000),905
(1060000,1070000),725
(1070000,1080000),3252
(1080000,1090000),760
(1090000,1100000),768
(110000,120000),1930
(1100000,1110000),421
(1110000,1120000),1009
(1120000,1130000),4199
(1130000,1140000),492
(1140000,1150000),301
(1150000,1160000),379
(1160000,1170000),365
(1170000,1180000),474
(1180000,1190000),586
(1190000,1200000),478
(120000,130000),1323
(1200000,1210000),431
(1210000,1220000),427
(1220000,1230000),1224
(1230000,1240000),599
(1240000,1250000),268
(1250000,1260000),1642
(1260000,1270000),532
(1270000,1280000),263
(1280000,1290000),2865
(1290000,1300000),516
(130000,140000),4792
(1300000,1310000),789
(1310000,1320000),688
(1320000,1330000),532
(1330000,1340000),385
(1340000,1350000),343
(1350000,1360000),2690
(1360000,1370000),99
(1370000,1380000),197
(1380000,1390000),172
(1390000,1400000),172
(140000,150000),2239
(1400000,1410000),111
(1410000,1420000),148
(1420000,1430000),137
(1430000,1440000),419
(1440000,1450000),192
(1450000,1460000),188
(1460000,1470000),503
(1470000,1480000),106
(1480000,1490000),233
(1490000,1500000),232
(150000,160000),3653
(1500000,1510000),391
(1510000,1520000),305
(1520000,1530000),350
(1530000,1540000),237
(1540000,1550000),1430
(1550000,1560000),96
(1560000,1570000),148
(1570000,1580000),974
(1580000,1590000),72
(1590000,1600000),55
(160000,170000),1919
(1600000,1610000),51
(1610000,1620000),87
(1620000,1630000),107
(1630000,1640000),106
(1640000,1650000),143
(1650000,1660000),27
(1660000,1670000),119
(1670000,1680000),61
(1680000,1690000),160
(1690000,1700000),47
(170000,180000),2131
(1700000,1710000),35
(1710000,1720000),126
(1720000,1730000),408
(1730000,1740000),60
(1740000,1750000),47
(1750000,1760000),103
(1760000,1770000),672
(1770000,1780000),78
(1780000,1790000),44
(1790000,1800000),38
(180000,190000),8745
(1800000,1810000),931
(1810000,1820000),33
(1820000,1830000),68
(1830000,1840000),23
(1840000,1850000),35
(1850000,1860000),20
(1860000,1870000),29
(1870000,1880000),36
(1880000,1890000),165
(1890000,1900000),25
(190000,200000),1537
(1900000,1910000),20
(1910000,1920000),27
(1920000,1930000),143
(1930000,1940000),27
(1940000,1950000),31
(1950000,1960000),19
(1960000,1970000),47
(1970000,1980000),394
(1980000,1990000),60
(1990000,2000000),17
(200000,210000),4017
(2000000,2010000),6
(2010000,2020000),481
(2020000,2030000),72
(2030000,2040000),21
(2040000,2050000),11
(2050000,2060000),5
(2060000,2070000),13
(2070000,2080000),12
(2080000,2090000),133
(2090000,2100000),7
(210000,220000),1475
(2100000,2110000),11
(2110000,2120000),18
(2120000,2130000),7
(2130000,2140000),5
(2140000,2150000),8
(2150000,2160000),100
(2160000,2170000),23
(2170000,2180000),12
(2180000,2190000),7
(2190000,2200000),8
(220000,230000),10013
(2200000,2210000),20
(2210000,2220000),18
(2220000,2230000),45
(2230000,2240000),3
(2240000,2250000),8
(2250000,2260000),375
(2260000,2270000),21
(2270000,2280000),2
(2280000,2290000),5
(2290000,2300000),14
(230000,240000),3343
(2300000,2310000),12
(2310000,2320000),12
(2320000,2330000),3
(2330000,2340000),6
(2340000,2350000),5
(2350000,2360000),12
(2360000,2370000),9
(2370000,2380000),15
(2380000,2390000),4
(2390000,2400000),3
(240000,250000),4206
(2400000,2410000),3
(2410000,2420000),30
(2420000,2430000),7
(2440000,2450000),22
(2450000,2460000),5
(2460000,2470000),41
(2470000,2480000),7
(2480000,2490000),1
(250000,260000),6796
(2510000,2520000),227
(2520000,2530000),1
(2540000,2550000),1
(2570000,2580000),2
(2580000,2590000),2
(260000,270000),5186
(2600000,2610000),9
(2610000,2620000),1
(2680000,2690000),3
(2690000,2700000),62
(270000,280000),10328
(2700000,2710000),9
(2730000,2740000),1
(280000,290000),5728
(290000,300000),3721
(2920000,2930000),3
(2930000,2940000),6
(2960000,2970000),1
(2980000,2990000),1
(300000,310000),1766
(3020000,3030000),1
(3060000,3070000),1
(3070000,3080000),1
(310000,320000),6009
(3150000,3160000),9
(320000,330000),2248
(3290000,3300000),1
(330000,340000),3720
(3310000,3320000),1
(3370000,3380000),4
(340000,350000),2462
(350000,360000),1719
(360000,370000),3200
(3600000,3610000),2
(370000,380000),1224
(380000,390000),2579
(3860000,3870000),1
(390000,400000),1411
(3950000,3960000),1
(40000,50000),561
(400000,410000),2789
(4020000,4030000),1
(4030000,4040000),1
(4050000,4060000),8
(410000,420000),1579
(420000,430000),1050
(430000,440000),1641
(440000,450000),1471
(450000,460000),13199
(460000,470000),1196
(470000,480000),2297
(480000,490000),1655
(490000,500000),5161
(50000,60000),891
(500000,510000),3701
(510000,520000),2222
(520000,530000),5496
(530000,540000),2672
(540000,550000),8587
(550000,560000),2019
(560000,570000),2139
(570000,580000),1832
(580000,590000),2375
(590000,600000),3189
(60000,70000),719
(600000,610000),1581
(610000,620000),1120
(620000,630000),1222
(630000,640000),1810
(640000,650000),3265
(650000,660000),1243
(660000,670000),839
(670000,680000),11388
(680000,690000),686
(690000,700000),895
(70000,80000),1226
(700000,710000),1308
(710000,720000),916
(720000,730000),2678
(730000,740000),857
(740000,750000),1054
(750000,760000),4424
(760000,770000),1978
(770000,780000),1123
(780000,790000),3633
(790000,800000),1222
(80000,90000),668
(800000,810000),4847
(810000,820000),2276
(820000,830000),799
(830000,840000),2468
(840000,850000),1169
(850000,860000),1109
(860000,870000),778
(870000,880000),640
(880000,890000),881
(890000,900000),579
(90000,100000),1939
(900000,910000),7230
(910000,920000),715
(920000,930000),627
(930000,940000),518
(940000,950000),2423
(950000,960000),505
(960000,970000),523
(970000,980000),1157
(980000,990000),697
(990000,1000000),778
